O 4.604 5.288 5.048 3.440
H 4.262 6.226 5.094 2.200
H 5.227 5.198 4.272 2.200
O 7.069 9.184 4.284 3.440
H 7.610 9.988 4.041 2.200
H 6.384 9.436 4.966 2.200
O 2.220 4.636 4.468 3.440
H 2.243 4.370 5.431 2.200
H 1.292 4.908 4.219 2.200
O 5.584 0.743 10.043 3.440
H 5.381 1.122 9.141 2.200
H 5.095 -0.120 10.160 2.200
O 8.157 6.926 1.202 3.440
H 8.496 7.383 0.381 2.200
H 8.477 7.417 2.012 2.200
O 5.545 2.654 2.523 3.440
H 5.539 1.849 3.115 2.200
H 6.392 2.673 1.995 2.200
O 1.283 0.150 4.136 3.440
H 1.191 -0.743 4.578 2.200
H 1.654 0.029 3.216 2.200
O 7.320 5.007 7.604 3.440
H 6.584 4.846 6.948 2.200
H 6.932 5.322 8.470 2.200
O 3.743 1.842 0.869 3.440
H 2.865 1.511 0.524 2.200
H 3.840 2.813 0.653 2.200
O 1.437 8.669 5.156 3.440
H 1.184 9.250 4.382 2.200
H 1.687 9.243 5.935 2.200
O 9.404 8.489 7.179 3.440
H 9.871 9.005 6.461 2.200
H 9.803 8.716 8.066 2.200
O 9.203 1.544 4.672 3.440
H 9.276 2.102 5.499 2.200
H 9.947 1.777 4.047 2.200
O 8.967 3.203 8.344 3.440
H 8.365 2.632 7.787 2.200
H 9.787 3.432 7.820 2.200
O 9.888 3.903 0.259 3.440
H 10.618 3.797 0.933 2.200
H 10.259 3.767 -0.659 2.200
O 4.012 3.814 7.952 3.440
H 3.374 4.580 7.874 2.200
H 3.741 3.231 8.717 2.200
O 0.291 5.035 9.755 3.440
H 0.421 4.405 8.991 2.200
H 0.659 4.627 10.590 2.200
O -0.033 2.120 0.729 3.440
H 0.456 2.325 1.576 2.200
H 0.462 2.513 -0.045 2.200
O 5.245 8.734 8.914 3.440
H 4.991 9.614 9.315 2.200
H 5.359 8.058 9.641 2.200
O 1.602 6.644 1.733 3.440
H 1.976 7.314 1.092 2.200
H 1.841 5.723 1.430 2.200
O 5.188 8.217 0.313 3.440
H 4.570 7.697 0.900 2.200
H 4.757 9.082 0.058 2.200
O 8.549 0.032 8.522 3.440
H 8.376 -0.279 7.589 2.200
H 9.507 0.304 8.611 2.200
O 2.087 1.045 8.756 3.440
H 1.863 0.899 7.793 2.200
H 1.299 0.805 9.321 2.200
O 1.128 7.184 7.888 3.440
H 1.978 7.168 8.413 2.200
H 1.305 6.863 6.958 2.200
O 1.129 9.998 0.453 3.440
H 1.505 10.114 1.372 2.200
H 0.176 9.704 0.517 2.200
O 9.849 0.483 0.138 3.440
H 10.833 0.306 0.141 2.200
H 9.589 0.931 0.992 2.200
O 4.604 1.107 5.940 3.440
H 4.698 1.720 6.724 2.200
H 4.351 0.195 6.258 2.200
O 9.229 5.643 5.730 3.440
H 9.827 5.883 4.966 2.200
H 9.047 4.661 5.715 2.200
O 9.896 5.742 9.940 3.440
H 10.561 6.073 9.272 2.200
H 9.065 6.294 9.886 2.200
O 9.956 9.767 0.770 3.440
H 10.894 10.007 0.522 2.200
H 9.696 10.257 1.601 2.200
O 5.761 4.583 0.086 3.440
H 6.404 5.137 -0.441 2.200
H 5.168 5.181 0.624 2.200
O 0.427 9.509 8.768 3.440
H 0.077 9.233 9.662 2.200
H -0.292 9.401 8.082 2.200
O 6.485 0.125 0.107 3.440
H 5.667 -0.420 0.289 2.200
H 7.247 -0.483 -0.113 2.200
O 0.169 2.164 6.091 3.440
H 0.575 2.354 5.198 2.200
H 0.062 3.019 6.598 2.200
